instance_name;beta;h;max_time;seed;ML_used;makespan;makespan_bb
t_j200_m20.txt;0.1;1;180;12345;True;11630;11778.639999999998
t_j200_m20.txt;0.1;1;180;435451;True;11583;11712.860000000002
t_j200_m20.txt;0.1;1;180;54268;True;11648;11778.679999999997
t_j200_m20.txt;0.1;1;180;68813;True;11589;11750.500000000002
t_j200_m20.txt;0.1;1;180;368387;True;11621;11753.059999999996
t_j200_m20.txt;0.1;1;180;687619;True;11651;11768.239999999998
t_j200_m20.txt;0.1;1;180;354135;True;11603;11712.570000000002
t_j200_m20.txt;0.1;1;180;839113;True;11611;11749.229999999996
t_j200_m20.txt;0.1;1;180;123452;True;11614;11724.159999999994
t_j200_m20.txt;0.1;1;180;4354512;True;11594;11709.439999999997
t_j200_m20.txt;0.1;1;180;542682;True;11619;11762.520000000002
t_j200_m20.txt;0.1;1;180;688132;True;11592;11693.340000000004
t_j200_m20.txt;0.1;1;180;3683872;True;11576;11733.230000000001
t_j200_m20.txt;0.1;1;180;6876192;True;11605;11752.29
t_j200_m20.txt;0.1;1;180;3541352;True;11632;11749.579999999998
t_j200_m20.txt;0.1;1;180;8391132;True;11650;11756.949999999997
t_j200_m20.txt;0.2;1;180;12345;True;11590;11748.949999999999
t_j200_m20.txt;0.2;1;180;435451;True;11623;11739.529999999999
t_j200_m20.txt;0.2;1;180;54268;True;11628;11753.330000000004
t_j200_m20.txt;0.2;1;180;68813;True;11588;11718.349999999999
t_j200_m20.txt;0.2;1;180;368387;True;11606;11718.960000000005
t_j200_m20.txt;0.2;1;180;687619;True;11589;11759.67
t_j200_m20.txt;0.2;1;180;354135;True;11574;11679.310000000001
t_j200_m20.txt;0.2;1;180;839113;True;11525;11666.599999999999
t_j200_m20.txt;0.2;1;180;123452;True;11610;11740.749999999996
t_j200_m20.txt;0.2;1;180;4354512;True;11645;11764.999999999998
t_j200_m20.txt;0.2;1;180;542682;True;11657;11793.060000000001
t_j200_m20.txt;0.2;1;180;688132;True;11639;11743.13
t_j200_m20.txt;0.2;1;180;3683872;True;11642;11752.54
t_j200_m20.txt;0.2;1;180;6876192;True;11600;11709.229999999996
t_j200_m20.txt;0.2;1;180;3541352;True;11688;11807.26
t_j200_m20.txt;0.2;1;180;8391132;True;11650;11777.709999999997
t_j200_m20.txt;0.3;1;180;12345;True;11635;11751.849999999999
t_j200_m20.txt;0.3;1;180;435451;True;11628;11760.75
t_j200_m20.txt;0.3;1;180;54268;True;11563;11710.529999999995
t_j200_m20.txt;0.3;1;180;68813;True;11574;11722.3
t_j200_m20.txt;0.3;1;180;368387;True;11594;11714.409999999996
t_j200_m20.txt;0.3;1;180;687619;True;11541;11686.13
t_j200_m20.txt;0.3;1;180;354135;True;11566;11671.289999999995
t_j200_m20.txt;0.3;1;180;839113;True;11635;11771.849999999995
t_j200_m20.txt;0.3;1;180;123452;True;11593;11704.760000000002
t_j200_m20.txt;0.3;1;180;4354512;True;11611;11757.820000000003
t_j200_m20.txt;0.3;1;180;542682;True;11615;11764.919999999995
t_j200_m20.txt;0.3;1;180;688132;True;11621;11747.569999999996
t_j200_m20.txt;0.3;1;180;3683872;True;11621;11781.75
t_j200_m20.txt;0.3;1;180;6876192;True;11623;11721.920000000004
t_j200_m20.txt;0.3;1;180;3541352;True;11614;11708.879999999997
t_j200_m20.txt;0.3;1;180;8391132;True;11553;11685.140000000005
t_j200_m20.txt;0.4;1;180;12345;True;11597;11739.64
t_j200_m20.txt;0.4;1;180;435451;True;11557;11700.409999999996
t_j200_m20.txt;0.4;1;180;54268;True;11599;11723.499999999995
t_j200_m20.txt;0.4;1;180;68813;True;11645;11769.099999999997
t_j200_m20.txt;0.4;1;180;368387;True;11596;11713.609999999999
t_j200_m20.txt;0.4;1;180;687619;True;11614;11744.060000000003
t_j200_m20.txt;0.4;1;180;354135;True;11602;11723.6
t_j200_m20.txt;0.4;1;180;839113;True;11568;11675.669999999998
t_j200_m20.txt;0.4;1;180;123452;True;11603;11720.989999999994
t_j200_m20.txt;0.4;1;180;4354512;True;11581;11721.739999999996
t_j200_m20.txt;0.4;1;180;542682;True;11545;11682.379999999994
t_j200_m20.txt;0.4;1;180;688132;True;11648;11759.6
t_j200_m20.txt;0.4;1;180;3683872;True;11584;11705.779999999999
t_j200_m20.txt;0.4;1;180;6876192;True;11529;11663.940000000002
t_j200_m20.txt;0.4;1;180;3541352;True;11570;11711.529999999999
t_j200_m20.txt;0.4;1;180;8391132;True;11571;11696.039999999995
t_j200_m20.txt;0.5;1;180;12345;True;11585;11715.760000000004
t_j200_m20.txt;0.5;1;180;435451;True;11593;11714.209999999997
t_j200_m20.txt;0.5;1;180;54268;True;11591;11684.549999999997
t_j200_m20.txt;0.5;1;180;68813;True;11641;11771.679999999998
t_j200_m20.txt;0.5;1;180;368387;True;11571;11690.249999999998
t_j200_m20.txt;0.5;1;180;687619;True;11619;11746.700000000003
t_j200_m20.txt;0.5;1;180;354135;True;11578;11707.879999999997
t_j200_m20.txt;0.5;1;180;839113;True;11625;11741.829999999998
t_j200_m20.txt;0.5;1;180;123452;True;11631;11768.329999999998
t_j200_m20.txt;0.5;1;180;4354512;True;11658;11790.879999999997
t_j200_m20.txt;0.5;1;180;542682;True;11645;11790.88
t_j200_m20.txt;0.5;1;180;688132;True;11631;11765.84
t_j200_m20.txt;0.5;1;180;3683872;True;11592;11712.029999999999
t_j200_m20.txt;0.5;1;180;6876192;True;11607;11732.96
t_j200_m20.txt;0.5;1;180;3541352;True;11585;11711.440000000002
t_j200_m20.txt;0.5;1;180;8391132;True;11650;11765.819999999994
t_j200_m20.txt;0.6;1;180;12345;True;11598;11739.479999999998
t_j200_m20.txt;0.6;1;180;435451;True;11510;11633.359999999997
t_j200_m20.txt;0.6;1;180;54268;True;11601;11721.25
t_j200_m20.txt;0.6;1;180;68813;True;11631;11752.329999999998
t_j200_m20.txt;0.6;1;180;368387;True;11650;11758.99
t_j200_m20.txt;0.6;1;180;687619;True;11550;11670.829999999996
t_j200_m20.txt;0.6;1;180;354135;True;11623;11746.809999999996
t_j200_m20.txt;0.6;1;180;839113;True;11607;11752.630000000001
t_j200_m20.txt;0.6;1;180;123452;True;11597;11710.969999999998
t_j200_m20.txt;0.6;1;180;4354512;True;11618;11747.71
t_j200_m20.txt;0.6;1;180;542682;True;11578;11725.189999999999
t_j200_m20.txt;0.6;1;180;688132;True;11564;11697.68
t_j200_m20.txt;0.6;1;180;3683872;True;11561;11697.13
t_j200_m20.txt;0.6;1;180;6876192;True;11600;11733.53
t_j200_m20.txt;0.6;1;180;3541352;True;11625;11742.47
t_j200_m20.txt;0.6;1;180;8391132;True;11606;11752.829999999998
t_j200_m20.txt;0.7;1;180;12345;True;11626;11724.319999999998
t_j200_m20.txt;0.7;1;180;435451;True;11601;11727.729999999998
t_j200_m20.txt;0.7;1;180;54268;True;11579;11701.470000000001
t_j200_m20.txt;0.7;1;180;68813;True;11633;11743.969999999998
t_j200_m20.txt;0.7;1;180;368387;True;11623;11773.13
t_j200_m20.txt;0.7;1;180;687619;True;11579;11699.939999999995
t_j200_m20.txt;0.7;1;180;354135;True;11617;11759.249999999995
t_j200_m20.txt;0.7;1;180;839113;True;11601;11712.279999999997
t_j200_m20.txt;0.7;1;180;123452;True;11632;11754.439999999997
t_j200_m20.txt;0.7;1;180;4354512;True;11605;11713.179999999995
t_j200_m20.txt;0.7;1;180;542682;True;11632;11744.880000000001
t_j200_m20.txt;0.7;1;180;688132;True;11634;11749.660000000002
t_j200_m20.txt;0.7;1;180;3683872;True;11617;11729.169999999995
t_j200_m20.txt;0.7;1;180;6876192;True;11558;11698.609999999995
t_j200_m20.txt;0.7;1;180;3541352;True;11649;11746.5
t_j200_m20.txt;0.7;1;180;8391132;True;11572;11693.549999999996
t_j200_m20.txt;0.8;1;180;12345;True;11546;11676.459999999995
t_j200_m20.txt;0.8;1;180;435451;True;11598;11750.889999999998
t_j200_m20.txt;0.8;1;180;54268;True;11667;11808.129999999997
t_j200_m20.txt;0.8;1;180;68813;True;11607;11730.35
t_j200_m20.txt;0.8;1;180;368387;True;11589;11709.34
t_j200_m20.txt;0.8;1;180;687619;True;11557;11662.859999999997
t_j200_m20.txt;0.8;1;180;354135;True;11535;11653.290000000003
t_j200_m20.txt;0.8;1;180;839113;True;11590;11713.380000000001
t_j200_m20.txt;0.8;1;180;123452;True;11605;11733.279999999997
t_j200_m20.txt;0.8;1;180;4354512;True;11587;11715.109999999995
t_j200_m20.txt;0.8;1;180;542682;True;11614;11732.140000000005
t_j200_m20.txt;0.8;1;180;688132;True;11535;11683.779999999999
t_j200_m20.txt;0.8;1;180;3683872;True;11580;11689.919999999996
t_j200_m20.txt;0.8;1;180;6876192;True;11609;11776.809999999998
t_j200_m20.txt;0.8;1;180;3541352;True;11586;11717.079999999994
t_j200_m20.txt;0.8;1;180;8391132;True;11591;11715.839999999995
t_j200_m20.txt;0.9;1;180;12345;True;11576;11685.469999999998
t_j200_m20.txt;0.9;1;180;435451;True;11582;11679.989999999998
t_j200_m20.txt;0.9;1;180;54268;True;11624;11744.719999999998
t_j200_m20.txt;0.9;1;180;68813;True;11528;11670.089999999995
t_j200_m20.txt;0.9;1;180;368387;True;11594;11712.619999999995
t_j200_m20.txt;0.9;1;180;687619;True;11628;11719.33
t_j200_m20.txt;0.9;1;180;354135;True;11614;11721.309999999998
t_j200_m20.txt;0.9;1;180;839113;True;11565;11682.080000000005
t_j200_m20.txt;0.9;1;180;123452;True;11583;11709.159999999998
t_j200_m20.txt;0.9;1;180;4354512;True;11580;11695.419999999995
t_j200_m20.txt;0.9;1;180;542682;True;11647;11757.919999999998
t_j200_m20.txt;0.9;1;180;688132;True;11616;11728.519999999995
t_j200_m20.txt;0.9;1;180;3683872;True;11596;11735.11
t_j200_m20.txt;0.9;1;180;6876192;True;11588;11707.98
t_j200_m20.txt;0.9;1;180;3541352;True;11607;11734.829999999998
t_j200_m20.txt;0.9;1;180;8391132;True;11567;11678.08
t_j200_m20.txt;0.9999;1;180;12345;True;11594;11744.26
t_j200_m20.txt;0.9999;1;180;435451;True;11594;11744.26
t_j200_m20.txt;0.9999;1;180;54268;True;11594;11744.26
t_j200_m20.txt;0.9999;1;180;68813;True;11594;11744.26
t_j200_m20.txt;0.9999;1;180;368387;True;11594;11744.26
t_j200_m20.txt;0.9999;1;180;687619;True;11594;11744.26
t_j200_m20.txt;0.9999;1;180;354135;True;11594;11744.26
t_j200_m20.txt;0.9999;1;180;839113;True;11594;11744.26
t_j200_m20.txt;0.9999;1;180;123452;True;11594;11744.26
t_j200_m20.txt;0.9999;1;180;4354512;True;11594;11744.26
t_j200_m20.txt;0.9999;1;180;542682;True;11594;11744.26
t_j200_m20.txt;0.9999;1;180;688132;True;11594;11744.26
t_j200_m20.txt;0.9999;1;180;3683872;True;11594;11744.26
t_j200_m20.txt;0.9999;1;180;6876192;True;11594;11744.26
t_j200_m20.txt;0.9999;1;180;3541352;True;11594;11744.26
t_j200_m20.txt;0.9999;1;180;8391132;True;11594;11744.26
t_j20_m5.txt;0.8;0.75;60;12345;True;1289;1304.7600000000002
t_j20_m5.txt;0.8;0.75;60;12345;False;1278;1312.56
t_j20_m5.txt;0.8;0.75;60;435451;True;1284;1304.1225
t_j20_m5.txt;0.8;0.75;60;435451;False;1278;1309.6725000000001
t_j20_m5.txt;0.8;1;60;12345;True;1297;1311.73
t_j20_m5.txt;0.8;1;60;12345;False;1278;1326.0800000000002
t_j20_m5.txt;0.8;1;60;435451;True;1297;1309.5800000000002
t_j20_m5.txt;0.8;1;60;435451;False;1278;1322.23
t_j20_m5.txt;0.8;1.5;60;12345;True;1297;1319.095
t_j20_m5.txt;0.8;1.5;60;12345;False;1278;1353.12
t_j20_m5.txt;0.8;1.5;60;435451;True;1301;1318.7749999999999
t_j20_m5.txt;0.8;1.5;60;435451;False;1278;1347.345
t_j20_m10.txt;0.8;0.75;60;12345;True;1620;1633.3749999999998
t_j20_m10.txt;0.8;0.75;60;12345;False;1614;1670.1524999999997
t_j20_m10.txt;0.8;0.75;60;435451;True;1607;1620.5074999999997
t_j20_m10.txt;0.8;0.75;60;435451;False;1605;1627.155
t_j20_m10.txt;0.8;1;60;12345;True;1627;1638.54
t_j20_m10.txt;0.8;1;60;12345;False;1617;1634.7800000000002
t_j20_m10.txt;0.8;1;60;435451;True;1621;1636.7600000000002
t_j20_m10.txt;0.8;1;60;435451;False;1605;1635.5400000000002
t_j20_m10.txt;0.8;1.5;60;12345;True;1591;1636.735
t_j20_m10.txt;0.8;1.5;60;12345;False;1616;1644.1699999999998
t_j20_m10.txt;0.8;1.5;60;435451;True;1597;1638.3099999999997
t_j20_m10.txt;0.8;1.5;60;435451;False;1613;1683.8849999999998
t_j20_m20.txt;0.8;0.75;60;12345;True;2325;2354.6400000000003
t_j20_m20.txt;0.8;0.75;60;12345;False;2333;2366.3900000000003
t_j20_m20.txt;0.8;0.75;60;435451;True;2353;2362.1175
t_j20_m20.txt;0.8;0.75;60;435451;False;2329;2358.34
t_j20_m20.txt;0.8;1;60;12345;True;2348;2372.169999999999
t_j20_m20.txt;0.8;1;60;12345;False;2325;2377.5199999999995
t_j20_m20.txt;0.8;1;60;435451;True;2350;2378.8899999999994
t_j20_m20.txt;0.8;1;60;435451;False;2338;2424.6999999999994
t_j20_m20.txt;0.8;1.5;60;12345;True;2379;2389.66
t_j20_m20.txt;0.8;1.5;60;12345;False;2338;2470.2949999999996
t_j20_m20.txt;0.8;1.5;60;435451;True;2379;2389.66
t_j20_m20.txt;0.8;1.5;60;435451;False;2333;2441.3949999999995
t_j50_m5.txt;0.8;0.75;60;12345;True;2730;2744.9250000000006
t_j50_m5.txt;0.8;0.75;60;12345;False;2724;2761.5449999999996
t_j50_m5.txt;0.8;0.75;60;435451;True;2730;2747.7375000000006
t_j50_m5.txt;0.8;0.75;60;435451;False;2729;2772.2675000000004
t_j50_m5.txt;0.8;1;60;12345;True;2730;2755.85
t_j50_m5.txt;0.8;1;60;12345;False;2724;2760.5099999999998
t_j50_m5.txt;0.8;1;60;435451;True;2730;2752.31
t_j50_m5.txt;0.8;1;60;435451;False;2724;2770.36
t_j50_m5.txt;0.8;1.5;60;12345;True;2729;2756.15
t_j50_m5.txt;0.8;1.5;60;12345;False;2729;2807.1349999999998
t_j50_m5.txt;0.8;1.5;60;435451;True;2724;2759.4149999999995
t_j50_m5.txt;0.8;1.5;60;435451;False;2729;2816.5849999999996
t_j50_m10.txt;0.8;0.75;60;12345;True;3104;3129.1524999999997
t_j50_m10.txt;0.8;0.75;60;12345;False;3116;3151.6925
t_j50_m10.txt;0.8;0.75;60;435451;True;3107;3138.5374999999995
t_j50_m10.txt;0.8;0.75;60;435451;False;3080;3129.5524999999993
t_j50_m10.txt;0.8;1;60;12345;True;3126;3154.0699999999997
t_j50_m10.txt;0.8;1;60;12345;False;3113;3163.5900000000006
t_j50_m10.txt;0.8;1;60;435451;True;3108;3143.85
t_j50_m10.txt;0.8;1;60;435451;False;3080;3152.07
t_j50_m10.txt;0.8;1.5;60;12345;True;3126;3167.4299999999994
t_j50_m10.txt;0.8;1.5;60;12345;False;3104;3170.6549999999997
t_j50_m10.txt;0.8;1.5;60;435451;True;3106;3134.3550000000005
t_j50_m10.txt;0.8;1.5;60;435451;False;3080;3197.105
t_j50_m20.txt;0.8;0.75;60;12345;True;4038;4056.1725
t_j50_m20.txt;0.8;0.75;60;12345;False;3993;4051.8650000000002
t_j50_m20.txt;0.8;0.75;60;435451;True;4022;4046.4349999999995
t_j50_m20.txt;0.8;0.75;60;435451;False;3992;4032.3700000000003
t_j50_m20.txt;0.8;1;60;12345;True;4004;4047.9099999999994
t_j50_m20.txt;0.8;1;60;12345;False;3993;4076.82
t_j50_m20.txt;0.8;1;60;435451;True;4036;4069.189999999999
t_j50_m20.txt;0.8;1;60;435451;False;4000;4081.99
t_j50_m20.txt;0.8;1.5;60;12345;True;4023;4077.735
t_j50_m20.txt;0.8;1.5;60;12345;False;3993;4145.915000000001
t_j50_m20.txt;0.8;1.5;60;435451;True;4047;4079.4
t_j50_m20.txt;0.8;1.5;60;435451;False;3993;4084.999999999999
t_j100_m5.txt;0.8;0.75;180;12345;True;5514;5552.062499999998
t_j100_m5.txt;0.8;0.75;180;12345;False;5500;5599.797499999999
t_j100_m5.txt;0.8;0.75;180;435451;True;5506;5549.322499999998
t_j100_m5.txt;0.8;0.75;180;435451;False;5495;5593.609999999999
t_j100_m5.txt;0.8;0.75;180;54268;True;5511;5558.692499999998
t_j100_m5.txt;0.8;0.75;180;54268;False;5501;5596.534999999999
t_j100_m5.txt;0.8;0.75;180;68813;True;5508;5555.812499999997
t_j100_m5.txt;0.8;0.75;180;68813;False;5501;5585.522500000001
t_j100_m5.txt;0.8;0.75;180;368387;True;5518;5557.312499999999
t_j100_m5.txt;0.8;0.75;180;368387;False;5495;5585.772499999998
t_j100_m5.txt;0.8;1;180;12345;True;5506;5569.55
t_j100_m5.txt;0.8;1;180;12345;False;5498;5630.1799999999985
t_j100_m5.txt;0.8;1;180;435451;True;5506;5572.95
t_j100_m5.txt;0.8;1;180;435451;False;5495;5626.479999999998
t_j100_m5.txt;0.8;1;180;54268;True;5506;5570.1
t_j100_m5.txt;0.8;1;180;54268;False;5501;5630.379999999998
t_j100_m5.txt;0.8;1;180;68813;True;5511;5579.539999999998
t_j100_m5.txt;0.8;1;180;68813;False;5495;5633.579999999998
t_j100_m5.txt;0.8;1;180;368387;True;5503;5571.7
t_j100_m5.txt;0.8;1;180;368387;False;5495;5616.029999999999
t_j100_m5.txt;0.8;1.5;180;12345;True;5528;5623.125
t_j100_m5.txt;0.8;1.5;180;12345;False;5495;5704.595
t_j100_m5.txt;0.8;1.5;180;435451;True;5505;5605.575
t_j100_m5.txt;0.8;1.5;180;435451;False;5495;5692.22
t_j100_m5.txt;0.8;1.5;180;54268;True;5506;5598.0250000000015
t_j100_m5.txt;0.8;1.5;180;54268;False;5501;5698.07
t_j100_m5.txt;0.8;1.5;180;68813;True;5503;5604.1
t_j100_m5.txt;0.8;1.5;180;68813;False;5501;5677.045000000001
t_j100_m5.txt;0.8;1.5;180;368387;True;5519;5597.650000000001
t_j100_m5.txt;0.8;1.5;180;368387;False;5495;5676.545
t_j100_m10.txt;0.8;0.75;180;12345;True;5816;5863.895
t_j100_m10.txt;0.8;0.75;180;12345;False;5806;5865.2925000000005
t_j100_m10.txt;0.8;0.75;180;435451;True;5831;5878.460000000001
t_j100_m10.txt;0.8;0.75;180;435451;False;5826;5903.655
t_j100_m10.txt;0.8;0.75;180;54268;True;5843;5876.540000000001
t_j100_m10.txt;0.8;0.75;180;54268;False;5798;5874.102499999998
t_j100_m10.txt;0.8;0.75;180;68813;True;5824;5865.99
t_j100_m10.txt;0.8;0.75;180;68813;False;5817;5879.932500000001
t_j100_m10.txt;0.8;0.75;180;368387;True;5826;5883.682500000002
t_j100_m10.txt;0.8;0.75;180;368387;False;5807;5886.61
t_j100_m10.txt;0.8;1;180;12345;True;5816;5862.910000000001
t_j100_m10.txt;0.8;1;180;12345;False;5806;5887.390000000001
t_j100_m10.txt;0.8;1;180;435451;True;5812;5871.910000000001
t_j100_m10.txt;0.8;1;180;435451;False;5826;5930.54
t_j100_m10.txt;0.8;1;180;54268;True;5812;5875.959999999999
t_j100_m10.txt;0.8;1;180;54268;False;5798;5899.47
t_j100_m10.txt;0.8;1;180;68813;True;5807;5859.31
t_j100_m10.txt;0.8;1;180;68813;False;5811;5904.91
t_j100_m10.txt;0.8;1;180;368387;True;5833;5897.18
t_j100_m10.txt;0.8;1;180;368387;False;5807;5914.4800000000005
t_j100_m10.txt;0.8;1.5;180;12345;True;5862;5934.6050000000005
t_j100_m10.txt;0.8;1.5;180;12345;False;5799;5933.334999999999
t_j100_m10.txt;0.8;1.5;180;435451;True;5845;5932.320000000001
t_j100_m10.txt;0.8;1.5;180;435451;False;5821;5961.065
t_j100_m10.txt;0.8;1.5;180;54268;True;5854;5921.689999999999
t_j100_m10.txt;0.8;1.5;180;54268;False;5798;5950.205
t_j100_m10.txt;0.8;1.5;180;68813;True;5800;5891.560000000001
t_j100_m10.txt;0.8;1.5;180;68813;False;5817;5955.865
t_j100_m10.txt;0.8;1.5;180;368387;True;5834;5912.545000000001
t_j100_m10.txt;0.8;1.5;180;368387;False;5807;5970.22
t_j100_m20.txt;0.8;0.75;180;12345;True;6517;6564.692500000001
t_j100_m20.txt;0.8;0.75;180;12345;False;6483;6586.95
t_j100_m20.txt;0.8;0.75;180;435451;True;6524;6563.8975
t_j100_m20.txt;0.8;0.75;180;435451;False;6494;6568.189999999999
t_j100_m20.txt;0.8;0.75;180;54268;True;6522;6592.4175
t_j100_m20.txt;0.8;0.75;180;54268;False;6495;6579.734999999999
t_j100_m20.txt;0.8;0.75;180;68813;True;6493;6550.8775
t_j100_m20.txt;0.8;0.75;180;68813;False;6495;6573.502500000001
t_j100_m20.txt;0.8;0.75;180;368387;True;6539;6598.3125
t_j100_m20.txt;0.8;0.75;180;368387;False;6514;6598.279999999999
t_j100_m20.txt;0.8;1;180;12345;True;6498;6554.510000000001
t_j100_m20.txt;0.8;1;180;12345;False;6483;6624.000000000003
t_j100_m20.txt;0.8;1;180;435451;True;6538;6579.509999999999
t_j100_m20.txt;0.8;1;180;435451;False;6494;6592.92
t_j100_m20.txt;0.8;1;180;54268;True;6536;6588.699999999999
t_j100_m20.txt;0.8;1;180;54268;False;6495;6615.719999999998
t_j100_m20.txt;0.8;1;180;68813;True;6519;6589.349999999999
t_j100_m20.txt;0.8;1;180;68813;False;6499;6603.929999999999
t_j100_m20.txt;0.8;1;180;368387;True;6533;6586.45
t_j100_m20.txt;0.8;1;180;368387;False;6514;6635.039999999999
t_j100_m20.txt;0.8;1.5;180;12345;True;6554;6626.23
t_j100_m20.txt;0.8;1.5;180;12345;False;6481;6721.219999999999
t_j100_m20.txt;0.8;1.5;180;435451;True;6538;6626.6849999999995
t_j100_m20.txt;0.8;1.5;180;435451;False;6491;6651.280000000001
t_j100_m20.txt;0.8;1.5;180;54268;True;6531;6611.964999999999
t_j100_m20.txt;0.8;1.5;180;54268;False;6495;6698.0300000000025
t_j100_m20.txt;0.8;1.5;180;68813;True;6523;6611.3099999999995
t_j100_m20.txt;0.8;1.5;180;68813;False;6507;6674.679999999999
t_j100_m20.txt;0.8;1.5;180;368387;True;6579;6652.709999999999
t_j100_m20.txt;0.8;1.5;180;368387;False;6514;6710.510000000001
t_j200_m10.txt;0.8;0.75;180;12345;True;10997;11122.979999999998
t_j200_m10.txt;0.8;0.75;180;12345;False;10919;11095.512499999997
t_j200_m10.txt;0.8;0.75;180;435451;True;10956;11062.567499999997
t_j200_m10.txt;0.8;0.75;180;435451;False;10926;11110.962499999998
t_j200_m10.txt;0.8;0.75;180;54268;True;10964;11068.092499999999
t_j200_m10.txt;0.8;0.75;180;54268;False;10928;11087.032500000001
t_j200_m10.txt;0.8;0.75;180;68813;True;10950;11069.354999999998
t_j200_m10.txt;0.8;0.75;180;68813;False;10919;11077.475
t_j200_m10.txt;0.8;0.75;180;368387;True;10964;11067.217499999999
t_j200_m10.txt;0.8;0.75;180;368387;False;10916;11079.927499999996
t_j200_m10.txt;0.8;1;180;12345;True;10973;11149.469999999998
t_j200_m10.txt;0.8;1;180;12345;False;10919;11154.35
t_j200_m10.txt;0.8;1;180;435451;True;10992;11165.090000000004
t_j200_m10.txt;0.8;1;180;435451;False;10926;11174.95
t_j200_m10.txt;0.8;1;180;54268;True;11011;11120.039999999997
t_j200_m10.txt;0.8;1;180;54268;False;10916;11127.239999999996
t_j200_m10.txt;0.8;1;180;68813;True;10952;11085.49
t_j200_m10.txt;0.8;1;180;68813;False;10919;11130.3
t_j200_m10.txt;0.8;1;180;368387;True;10967;11123.289999999997
t_j200_m10.txt;0.8;1;180;368387;False;10916;11138.569999999998
t_j200_m10.txt;0.8;1.5;180;12345;True;11016;11203.934999999998
t_j200_m10.txt;0.8;1.5;180;12345;False;10919;11272.025
t_j200_m10.txt;0.8;1.5;180;435451;True;11018;11228.060000000003
t_j200_m10.txt;0.8;1.5;180;435451;False;10924;11244.01
t_j200_m10.txt;0.8;1.5;180;54268;True;11067;11249.909999999998
t_j200_m10.txt;0.8;1.5;180;54268;False;10908;11232.160000000002
t_j200_m10.txt;0.8;1.5;180;68813;True;10968;11168.559999999998
t_j200_m10.txt;0.8;1.5;180;68813;False;10919;11235.95
t_j200_m10.txt;0.8;1.5;180;368387;True;11007;11186.234999999995
t_j200_m10.txt;0.8;1.5;180;368387;False;10916;11255.855000000003
t_j200_m20.txt;0.8;0.75;180;12345;True;11562;11643.210000000001
t_j200_m20.txt;0.8;0.75;180;12345;False;11559;11706.487500000003
t_j200_m20.txt;0.8;0.75;180;435451;True;11551;11656.447499999998
t_j200_m20.txt;0.8;0.75;180;435451;False;11579;11726.5775
t_j200_m20.txt;0.8;0.75;180;54268;True;11639;11748.0625
t_j200_m20.txt;0.8;0.75;180;54268;False;11543;11699.607499999998
t_j200_m20.txt;0.8;0.75;180;68813;True;11600;11683.572499999998
t_j200_m20.txt;0.8;0.75;180;68813;False;11579;11766.747500000005
t_j200_m20.txt;0.8;0.75;180;368387;True;11560;11643.655
t_j200_m20.txt;0.8;0.75;180;368387;False;11536;11647.919999999998
t_j200_m20.txt;0.8;1;180;12345;True;11546;11676.459999999995
t_j200_m20.txt;0.8;1;180;12345;False;11561;11771.569999999998
t_j200_m20.txt;0.8;1;180;435451;True;11598;11750.889999999998
t_j200_m20.txt;0.8;1;180;435451;False;11574;11792.26
t_j200_m20.txt;0.8;1;180;54268;True;11686;11790.689999999997
t_j200_m20.txt;0.8;1;180;54268;False;11522;11739.98
t_j200_m20.txt;0.8;1;180;68813;True;11607;11730.35
t_j200_m20.txt;0.8;1;180;68813;False;11579;11835.030000000004
t_j200_m20.txt;0.8;1;180;368387;True;11589;11709.34
t_j200_m20.txt;0.8;1;180;368387;False;11536;11693.710000000005
t_j200_m20.txt;0.8;1.5;180;12345;True;11673;11838.270000000004
t_j200_m20.txt;0.8;1.5;180;12345;False;11561;11885.854999999998
t_j200_m20.txt;0.8;1.5;180;435451;True;11644;11861.810000000001
t_j200_m20.txt;0.8;1.5;180;435451;False;11579;11907.805
t_j200_m20.txt;0.8;1.5;180;54268;True;11559;11748.080000000002
t_j200_m20.txt;0.8;1.5;180;54268;False;11543;11886.215000000006
t_j200_m20.txt;0.8;1.5;180;68813;True;11598;11794.895000000004
t_j200_m20.txt;0.8;1.5;180;68813;False;11579;11972.045000000002
t_j200_m20.txt;0.8;1.5;180;368387;True;11640;11837.460000000001
t_j200_m20.txt;0.8;1.5;180;368387;False;11536;11801.064999999999
t_j500_m20.txt;0.8;0.75;180;12345;True;26735;26954.262499999983
t_j500_m20.txt;0.8;0.75;180;12345;False;26647;26982.130000000005
t_j500_m20.txt;0.8;0.75;180;12345;True;26735;26954.262499999983
t_j500_m20.txt;0.8;0.75;180;12345;False;26647;26982.130000000005
t_j500_m20.txt;0.8;0.75;180;435451;True;26715;26946.122499999994
t_j500_m20.txt;0.8;0.75;180;435451;False;26642;27009.90249999999
t_j500_m20.txt;0.8;0.75;180;54268;True;26778;27029.492499999993
t_j500_m20.txt;0.8;0.75;180;54268;False;26667;27018.84
t_j500_m20.txt;0.8;0.75;180;68813;True;26763;27007.37
t_j500_m20.txt;0.8;0.75;180;68813;False;26705;27030.409999999985
t_j500_m20.txt;0.8;0.75;180;368387;True;26743;26977.120000000006
t_j500_m20.txt;0.8;0.75;180;368387;False;26629;26995.96999999999
t_j500_m20.txt;0.8;1;180;12345;True;26781;27136.240000000013
t_j500_m20.txt;0.8;1;180;12345;False;26647;27093.839999999993
t_j500_m20.txt;0.8;1;180;435451;True;26649;26967.209999999995
t_j500_m20.txt;0.8;1;180;435451;False;26642;27142.77000000001
t_j500_m20.txt;0.8;1;180;54268;True;26794;27084.949999999975
t_j500_m20.txt;0.8;1;180;54268;False;26667;27140.11999999998
t_j500_m20.txt;0.8;1;180;68813;True;26747;27072.379999999997
t_j500_m20.txt;0.8;1;180;68813;False;26705;27149.879999999983
t_j500_m20.txt;0.8;1;180;368387;True;26714;27070.310000000012
t_j500_m20.txt;0.8;1;180;368387;False;26629;27124.959999999995
t_j500_m20.txt;0.8;1.5;180;12345;True;26848;27314.570000000003
t_j500_m20.txt;0.8;1.5;180;12345;False;26647;27317.260000000006
t_j500_m20.txt;0.8;1.5;180;435451;True;26781;27273.099999999995
t_j500_m20.txt;0.8;1.5;180;435451;False;26642;27409.354999999996
t_j500_m20.txt;0.8;1.5;180;54268;True;26888;27371.530000000002
t_j500_m20.txt;0.8;1.5;180;54268;False;26667;27386.26000000001
t_j500_m20.txt;0.8;1.5;180;68813;True;26804;27346.39499999999
t_j500_m20.txt;0.8;1.5;180;68813;False;26705;27399.600000000013
t_j500_m20.txt;0.8;1.5;180;368387;True;26828;27252.005000000012
t_j500_m20.txt;0.8;1.5;180;368387;False;26629;27383.440000000002
t_j20_m5.txt;0.4;0.75;60;12345;True;1297;1303.3225
t_j20_m5.txt;0.4;0.75;60;435451;True;1289;1302.7725
t_j20_m5.txt;0.4;1;60;12345;True;1297;1307.23
t_j20_m5.txt;0.4;1;60;435451;True;1297;1306.13
t_j20_m5.txt;0.4;1.5;60;12345;True;1297;1312.5700000000002
t_j20_m5.txt;0.4;1.5;60;435451;True;1297;1310.695
t_j20_m10.txt;0.4;0.75;60;12345;True;1591;1605.82
t_j20_m10.txt;0.4;0.75;60;435451;True;1608;1619.3549999999998
t_j20_m10.txt;0.4;1;60;12345;True;1591;1614.5400000000002
t_j20_m10.txt;0.4;1;60;435451;True;1609;1620.5
t_j20_m10.txt;0.4;1.5;60;12345;True;1591;1636.735
t_j20_m10.txt;0.4;1.5;60;435451;True;1608;1634.8749999999998
t_j20_m20.txt;0.4;0.75;60;12345;True;2332;2342.14
t_j20_m20.txt;0.4;0.75;60;435451;True;2333;2344.595
t_j20_m20.txt;0.4;1;60;12345;True;2332;2351.499999999999
t_j20_m20.txt;0.4;1;60;435451;True;2334;2351.6699999999996
t_j20_m20.txt;0.4;1.5;60;12345;True;2343;2365.845
t_j20_m20.txt;0.4;1.5;60;435451;True;2345;2362.955
t_j50_m5.txt;0.4;0.75;60;12345;True;2729;2739.2375
t_j50_m5.txt;0.4;0.75;60;435451;True;2724;2742.6
t_j50_m5.txt;0.4;1;60;12345;True;2729;2742.95
t_j50_m5.txt;0.4;1;60;435451;True;2724;2748.91
t_j50_m5.txt;0.4;1.5;60;12345;True;2731;2748.99
t_j50_m5.txt;0.4;1.5;60;435451;True;2729;2752.14
t_j50_m10.txt;0.4;0.75;60;12345;True;3109;3132.145
t_j50_m10.txt;0.4;0.75;60;435451;True;3112;3127.975
t_j50_m10.txt;0.4;1;60;12345;True;3112;3137.2799999999997
t_j50_m10.txt;0.4;1;60;435451;True;3122;3140.96
t_j50_m10.txt;0.4;1.5;60;12345;True;3126;3157.1549999999997
t_j50_m10.txt;0.4;1.5;60;435451;True;3130;3163.7000000000003
t_j50_m20.txt;0.4;0.75;60;12345;True;4033;4053.445
t_j50_m20.txt;0.4;0.75;60;435451;True;4006;4033.9825
t_j50_m20.txt;0.4;1;60;12345;True;4013;4042.83
t_j50_m20.txt;0.4;1;60;435451;True;4014;4042.5899999999997
t_j50_m20.txt;0.4;1.5;60;12345;True;4010;4069.6799999999994
t_j50_m20.txt;0.4;1.5;60;435451;True;4031;4076.9249999999997
t_j100_m5.txt;0.4;0.75;180;12345;True;5505;5550.15
t_j100_m5.txt;0.4;0.75;180;435451;True;5495;5547.147499999999
t_j100_m5.txt;0.4;0.75;180;54268;True;5505;5550.299999999999
t_j100_m5.txt;0.4;0.75;180;68813;True;5505;5543.062499999999
t_j100_m5.txt;0.4;0.75;180;368387;True;5503;5544.737499999999
t_j100_m5.txt;0.4;1;180;12345;True;5520;5559.350000000001
t_j100_m5.txt;0.4;1;180;435451;True;5503;5559.599999999999
t_j100_m5.txt;0.4;1;180;54268;True;5505;5562.100000000001
t_j100_m5.txt;0.4;1;180;68813;True;5507;5563.7
t_j100_m5.txt;0.4;1;180;368387;True;5503;5564.599999999999
t_j100_m5.txt;0.4;1.5;180;12345;True;5505;5602.089999999999
t_j100_m5.txt;0.4;1.5;180;435451;True;5514;5607.975
t_j100_m5.txt;0.4;1.5;180;54268;True;5503;5594.35
t_j100_m5.txt;0.4;1.5;180;68813;True;5520;5589.400000000001
t_j100_m5.txt;0.4;1.5;180;368387;True;5505;5595.075000000002
t_j100_m10.txt;0.4;0.75;180;12345;True;5809;5856.219999999999
t_j100_m10.txt;0.4;0.75;180;435451;True;5839;5879.275000000001
t_j100_m10.txt;0.4;0.75;180;54268;True;5817;5862.405
t_j100_m10.txt;0.4;0.75;180;68813;True;5808;5856.472500000001
t_j100_m10.txt;0.4;0.75;180;368387;True;5814;5866.544999999999
t_j100_m10.txt;0.4;1;180;12345;True;5802;5858.309999999999
t_j100_m10.txt;0.4;1;180;435451;True;5801;5865.61
t_j100_m10.txt;0.4;1;180;54268;True;5832;5884.280000000001
t_j100_m10.txt;0.4;1;180;68813;True;5833;5897.829999999999
t_j100_m10.txt;0.4;1;180;368387;True;5837;5891.08
t_j100_m10.txt;0.4;1.5;180;12345;True;5850;5919.645
t_j100_m10.txt;0.4;1.5;180;435451;True;5833;5928.58
t_j100_m10.txt;0.4;1.5;180;54268;True;5811;5905.74
t_j100_m10.txt;0.4;1.5;180;68813;True;5854;5921.77
t_j100_m10.txt;0.4;1.5;180;368387;True;5841;5922.3150000000005
t_j100_m20.txt;0.4;0.75;180;12345;True;6510;6563.9025
t_j100_m20.txt;0.4;0.75;180;435451;True;6505;6562.332499999999
t_j100_m20.txt;0.4;0.75;180;54268;True;6489;6532.320000000001
t_j100_m20.txt;0.4;0.75;180;68813;True;6506;6552.635000000001
t_j100_m20.txt;0.4;0.75;180;368387;True;6515;6566.379999999998
t_j100_m20.txt;0.4;1;180;12345;True;6536;6609.3499999999985
t_j100_m20.txt;0.4;1;180;435451;True;6575;6624.24
t_j100_m20.txt;0.4;1;180;54268;True;6514;6595.89
t_j100_m20.txt;0.4;1;180;68813;True;6524;6596.39
t_j100_m20.txt;0.4;1;180;368387;True;6520;6573.009999999998
t_j100_m20.txt;0.4;1.5;180;12345;True;6543;6653.5
t_j100_m20.txt;0.4;1.5;180;435451;True;6546;6624.3499999999985
t_j100_m20.txt;0.4;1.5;180;54268;True;6531;6679.48
t_j100_m20.txt;0.4;1.5;180;68813;True;6550;6654.794999999999
t_j100_m20.txt;0.4;1.5;180;368387;True;6526;6621.985
t_j200_m10.txt;0.4;0.75;180;12345;True;10935;11027.9925
t_j200_m10.txt;0.4;0.75;180;435451;True;10954;11051.905
t_j200_m10.txt;0.4;0.75;180;54268;True;10938;11026.045000000002
t_j200_m10.txt;0.4;0.75;180;68813;True;10952;11069.5925
t_j200_m10.txt;0.4;0.75;180;368387;True;10967;11075.392499999998
t_j200_m10.txt;0.4;1;180;12345;True;10965;11106.289999999999
t_j200_m10.txt;0.4;1;180;435451;True;10959;11113.19
t_j200_m10.txt;0.4;1;180;54268;True;10961;11087.189999999995
t_j200_m10.txt;0.4;1;180;68813;True;10966;11126.19
t_j200_m10.txt;0.4;1;180;368387;True;10996;11126.940000000002
t_j200_m10.txt;0.4;1.5;180;12345;True;10997;11194.984999999995
t_j200_m10.txt;0.4;1.5;180;435451;True;11014;11206.935000000003
t_j200_m10.txt;0.4;1.5;180;54268;True;10976;11173.285000000002
t_j200_m10.txt;0.4;1.5;180;68813;True;11005;11212.059999999998
t_j200_m10.txt;0.4;1.5;180;368387;True;11006;11210.835
t_j200_m20.txt;0.4;0.75;180;12345;True;11560;11668.2175
t_j200_m20.txt;0.4;0.75;180;435451;True;11571;11663.854999999998
t_j200_m20.txt;0.4;0.75;180;54268;True;11624;11721.17
t_j200_m20.txt;0.4;0.75;180;68813;True;11621;11722.324999999997
t_j200_m20.txt;0.4;0.75;180;368387;True;11562;11685.887499999997
t_j200_m20.txt;0.4;1;180;12345;True;11579;11734.619999999999
t_j200_m20.txt;0.4;1;180;435451;True;11566;11691.139999999998
t_j200_m20.txt;0.4;1;180;54268;True;11599;11723.499999999995
t_j200_m20.txt;0.4;1;180;68813;True;11588;11717.67
t_j200_m20.txt;0.4;1;180;368387;True;11632;11761.280000000002
t_j200_m20.txt;0.4;1.5;180;12345;True;11585;11780.745000000003
t_j200_m20.txt;0.4;1.5;180;435451;True;11607;11787.954999999998
t_j200_m20.txt;0.4;1.5;180;54268;True;11646;11854.585000000001
t_j200_m20.txt;0.4;1.5;180;68813;True;11586;11798.400000000005
t_j200_m20.txt;0.4;1.5;180;368387;True;11665;11849.88
t_j500_m20.txt;0.4;0.75;180;12345;True;26769;27006.38
t_j500_m20.txt;0.4;0.75;180;435451;True;26781;27031.382499999996
t_j500_m20.txt;0.4;0.75;180;54268;True;26772;27006.71499999998
t_j500_m20.txt;0.4;0.75;180;68813;True;26691;26934.764999999985
t_j500_m20.txt;0.4;0.75;180;368387;True;26705;26956.68249999999
t_j500_m20.txt;0.4;1;180;12345;True;26656;26996.749999999993
t_j500_m20.txt;0.4;1;180;435451;True;26700;27014.75999999999
t_j500_m20.txt;0.4;1;180;54268;True;26915;27193.349999999995
t_j500_m20.txt;0.4;1;180;68813;True;26726;27075.72000000001
t_j50_m10.txt;0.4;0.75;60;123456;True;3079;3106.7725
t_j50_m10.txt;0.4;0.75;60;4354516;True;3096;3110.8799999999997
t_j50_m10.txt;0.4;1;60;123456;True;3115;3139.27
t_j50_m10.txt;0.4;1;60;4354516;True;3096;3115.8399999999997
t_j50_m10.txt;0.4;1.5;60;123456;True;3101;3145.955
t_j50_m10.txt;0.4;1.5;60;4354516;True;3133;3151.3050000000003
t_j500_m20.txt;0.4;1;180;3683872;True;26786;27102.100000000006
t_j500_m20.txt;0.4;1.5;180;12345;True;26728;27174.659999999996
t_j500_m20.txt;0.4;1.5;180;435451;True;26687;27159.004999999994
t_j500_m20.txt;0.4;1.5;180;54268;True;26749;27233.589999999993
t_j500_m20.txt;0.4;1.5;180;68813;True;26797;27247.110000000004
t_j500_m20.txt;0.4;1.5;180;368387;True;26730;27249.219999999998
t_j100_m5.txt;0.4;2.5;180;12345;True;5505;5646.249999999999
t_j100_m5.txt;0.4;2.5;180;12345;False;5493;5801.2
t_j100_m5.txt;0.4;2.5;180;435451;True;5503;5654.375
t_j100_m5.txt;0.4;2.5;180;435451;False;5493;5807.574999999999
t_j100_m5.txt;0.4;2.5;180;54268;True;5548;5669.25
t_j100_m5.txt;0.4;2.5;180;54268;False;5493;5786.324999999999
t_j100_m5.txt;0.4;2.5;180;68813;True;5505;5620.75
t_j100_m5.txt;0.4;2.5;180;68813;False;5493;5805.324999999999
t_j100_m5.txt;0.4;2.5;180;368387;True;5506;5654.499999999999
t_j100_m5.txt;0.4;2.5;180;368387;False;5493;5835.574999999999
t_j100_m5.txt;0.4;5;180;12345;True;5538;5780.000000000001
t_j100_m5.txt;0.4;5;180;12345;False;5493;6113.499999999999
t_j100_m5.txt;0.4;5;180;435451;True;5556;5783.749999999999
t_j100_m5.txt;0.4;5;180;435451;False;5493;6122.149999999999
t_j100_m5.txt;0.4;5;180;54268;True;5564;5817.75
t_j100_m5.txt;0.4;5;180;54268;False;5493;6079.649999999999
t_j100_m5.txt;0.4;5;180;68813;True;5545;5759.0
t_j100_m5.txt;0.4;5;180;68813;False;5493;6117.649999999999
t_j100_m5.txt;0.4;5;180;368387;True;5566;5785.399999999999
t_j100_m5.txt;0.4;5;180;368387;False;5493;6178.149999999999
t_j100_m5.txt;0.4;7.5;180;12345;True;5537;5939.374999999999
t_j100_m5.txt;0.4;7.5;180;12345;False;5493;6458.250000000001
t_j100_m5.txt;0.4;7.5;180;435451;True;5529;5913.75
t_j100_m5.txt;0.4;7.5;180;435451;False;5493;6520.350000000001
t_j100_m5.txt;0.4;7.5;180;54268;True;5621;5918.95
t_j100_m5.txt;0.4;7.5;180;54268;False;5493;6372.975000000001
t_j100_m5.txt;0.4;7.5;180;68813;True;5538;5876.250000000001
t_j100_m5.txt;0.4;7.5;180;68813;False;5493;6429.975000000001
t_j100_m5.txt;0.4;7.5;180;368387;True;5526;5912.45
t_j100_m5.txt;0.4;7.5;180;368387;False;5493;6520.725000000001
t_j100_m10.txt;0.4;2.5;180;12345;True;5827;5952.450000000001
t_j100_m10.txt;0.4;2.5;180;12345;False;5801;6012.5
t_j100_m10.txt;0.4;2.5;180;435451;True;5839;5949.075000000001
t_j100_m10.txt;0.4;2.5;180;435451;False;5800;6078.725
t_j100_m10.txt;0.4;2.5;180;54268;True;5835;5966.35
t_j100_m10.txt;0.4;2.5;180;54268;False;5813;6064.95
t_j100_m10.txt;0.4;2.5;180;68813;True;5867;5987.075000000001
t_j100_m10.txt;0.4;2.5;180;68813;False;5797;6057.775000000001
t_j100_m10.txt;0.4;2.5;180;368387;True;5834;5946.525
t_j100_m10.txt;0.4;2.5;180;368387;False;5808;6103.825
t_j100_m10.txt;0.4;5;180;12345;True;5845;6079.25
t_j100_m10.txt;0.4;5;180;12345;False;5802;6257.099999999999
t_j100_m10.txt;0.4;5;180;435451;True;5935;6119.400000000001
t_j100_m10.txt;0.4;5;180;435451;False;5800;6429.200000000001
t_j100_m10.txt;0.4;5;180;54268;True;5859;6020.0
t_j100_m10.txt;0.4;5;180;54268;False;5809;6453.250000000001
t_j100_m10.txt;0.4;5;180;68813;True;5875;6055.45
t_j100_m10.txt;0.4;5;180;68813;False;5797;6406.100000000001
t_j100_m10.txt;0.4;5;180;368387;True;5898;6094.4
t_j100_m10.txt;0.4;5;180;368387;False;5806;6331.099999999999
t_j100_m10.txt;0.4;7.5;180;12345;True;5931;6214.374999999999
t_j100_m10.txt;0.4;7.5;180;12345;False;5802;6543.65
t_j100_m10.txt;0.4;7.5;180;435451;True;5945;6198.949999999999
t_j100_m10.txt;0.4;7.5;180;435451;False;5800;6813.299999999999
t_j100_m10.txt;0.4;7.5;180;54268;True;5914;6251.15
t_j100_m10.txt;0.4;7.5;180;54268;False;5813;6726.575000000001
t_j100_m10.txt;0.4;7.5;180;68813;True;5929;6205.375
t_j100_m10.txt;0.4;7.5;180;68813;False;5797;6790.149999999999
t_j100_m10.txt;0.4;7.5;180;368387;True;5975;6228.775
t_j100_m10.txt;0.4;7.5;180;368387;False;5808;6789.975
t_j100_m20.txt;0.4;2.5;180;12345;True;6550;6715.349999999999
t_j100_m20.txt;0.4;2.5;180;12345;False;6491;6798.499999999999
t_j100_m20.txt;0.4;2.5;180;435451;True;6549;6699.474999999999
t_j100_m20.txt;0.4;2.5;180;435451;False;6497;6800.674999999999
t_j100_m20.txt;0.4;2.5;180;54268;True;6526;6678.475000000001
t_j100_m20.txt;0.4;2.5;180;54268;False;6483;6904.124999999999
t_j100_m20.txt;0.4;2.5;180;68813;True;6624;6762.049999999999
t_j100_m20.txt;0.4;2.5;180;68813;False;6482;6824.175
t_j100_m20.txt;0.4;2.5;180;368387;True;6606;6734.675
t_j100_m20.txt;0.4;2.5;180;368387;False;6501;6903.8
t_j100_m20.txt;0.4;5;180;12345;True;6778;7046.2
t_j100_m20.txt;0.4;5;180;12345;False;6491;7233.7
t_j100_m20.txt;0.4;5;180;435451;True;6739;7061.299999999999
t_j100_m20.txt;0.4;5;180;435451;False;6504;7207.35
t_j100_m20.txt;0.4;5;180;54268;True;6729;7000.199999999999
t_j100_m20.txt;0.4;5;180;54268;False;6483;7368.749999999998
t_j100_m20.txt;0.4;5;180;68813;True;6713;7009.6
t_j100_m20.txt;0.4;5;180;68813;False;6482;7268.849999999999
t_j100_m20.txt;0.4;5;180;368387;True;6744;7044.850000000001
t_j100_m20.txt;0.4;5;180;368387;False;6501;7359.8
t_j100_m20.txt;0.4;7.5;180;12345;True;6810;7142.924999999999
t_j100_m20.txt;0.4;7.5;180;12345;False;6491;7694.8
t_j100_m20.txt;0.4;7.5;180;435451;True;6802;7250.275
t_j100_m20.txt;0.4;7.5;180;435451;False;6470;7617.775
t_j100_m20.txt;0.4;7.5;180;54268;True;6845;7324.425
t_j100_m20.txt;0.4;7.5;180;54268;False;6468;7842.625000000002
t_j100_m20.txt;0.4;7.5;180;68813;True;6784;7210.474999999999
t_j100_m20.txt;0.4;7.5;180;68813;False;6480;7745.950000000001
t_j100_m20.txt;0.4;7.5;180;368387;True;6738;7255.6
t_j100_m20.txt;0.4;7.5;180;368387;False;6501;7869.525000000001
t_j200_m10.txt;0.4;2.5;180;12345;True;10995;11325.099999999999
t_j200_m10.txt;0.4;2.5;180;12345;False;10919;11512.875000000002
t_j200_m10.txt;0.4;2.5;180;435451;True;11017;11345.850000000002
t_j200_m10.txt;0.4;2.5;180;435451;False;10925;11406.000000000002
t_j200_m10.txt;0.4;2.5;180;54268;True;10933;11288.725
t_j200_m10.txt;0.4;2.5;180;54268;False;10887;11442.975
t_j200_m10.txt;0.4;2.5;180;68813;True;11036;11275.6
t_j200_m10.txt;0.4;2.5;180;68813;False;10925;11530.625000000002
t_j200_m10.txt;0.4;2.5;180;368387;True;10986;11306.600000000002
t_j200_m10.txt;0.4;2.5;180;368387;False;10913;11414.025000000003
t_j200_m10.txt;0.4;5;180;12345;True;11135;11680.7
t_j200_m10.txt;0.4;5;180;12345;False;10919;12107.250000000005
t_j200_m10.txt;0.4;5;180;435451;True;11130;11664.7
t_j200_m10.txt;0.4;5;180;435451;False;10931;11935.000000000004
t_j200_m10.txt;0.4;5;180;54268;True;10992;11647.449999999999
t_j200_m10.txt;0.4;5;180;54268;False;10887;12000.949999999999
t_j200_m10.txt;0.4;5;180;68813;True;11126;11611.2
t_j200_m10.txt;0.4;5;180;68813;False;10925;12128.750000000004
t_j200_m10.txt;0.4;5;180;368387;True;10992;11548.199999999997
t_j200_m10.txt;0.4;5;180;368387;False;10913;11935.050000000003
t_j200_m10.txt;0.4;7.5;180;12345;True;11179;11896.8
t_j200_m10.txt;0.4;7.5;180;12345;False;10919;12703.374999999996
t_j200_m10.txt;0.4;7.5;180;435451;True;11181;12002.525
t_j200_m10.txt;0.4;7.5;180;435451;False;10931;12463.999999999996
t_j200_m10.txt;0.4;7.5;180;54268;True;11257;12065.800000000001
t_j200_m10.txt;0.4;7.5;180;54268;False;10887;12608.374999999998
t_j200_m10.txt;0.4;7.5;180;68813;True;11086;11900.425000000001
t_j200_m10.txt;0.4;7.5;180;68813;False;10926;12735.624999999996
t_j200_m10.txt;0.4;7.5;180;368387;True;11324;12294.525000000001
t_j200_m10.txt;0.4;7.5;180;368387;False;10913;12457.925
t_j200_m20.txt;0.4;2.5;180;12345;True;11630;11927.35
t_j200_m20.txt;0.4;2.5;180;12345;False;11544;12137.425
t_j200_m20.txt;0.4;2.5;180;435451;True;11662;11937.525
t_j200_m20.txt;0.4;2.5;180;435451;False;11559;12151.6
t_j200_m20.txt;0.4;2.5;180;54268;True;11663;11980.300000000001
t_j200_m20.txt;0.4;2.5;180;54268;False;11589;12199.4
t_j200_m20.txt;0.4;2.5;180;68813;True;11649;11882.574999999999
t_j200_m20.txt;0.4;2.5;180;68813;False;11544;12072.124999999998
t_j200_m20.txt;0.4;2.5;180;368387;True;11659;11927.175000000001
t_j200_m20.txt;0.4;2.5;180;368387;False;11531;12078.55
t_j200_m20.txt;0.4;5;180;12345;True;11748;12324.200000000003
t_j200_m20.txt;0.4;5;180;12345;False;11544;12825.850000000002
t_j200_m20.txt;0.4;5;180;435451;True;11712;12280.399999999998
t_j200_m20.txt;0.4;5;180;435451;False;11559;12853.400000000001
t_j200_m20.txt;0.4;5;180;54268;True;11798;12294.650000000001
t_j200_m20.txt;0.4;5;180;54268;False;11582;12903.599999999999
t_j200_m20.txt;0.4;5;180;68813;True;11832;12387.750000000002
t_j200_m20.txt;0.4;5;180;68813;False;11522;12717.499999999998
t_j200_m20.txt;0.4;5;180;368387;True;11856;12354.1
t_j200_m20.txt;0.4;5;180;368387;False;11537;12697.800000000001
t_j200_m20.txt;0.4;7.5;180;12345;True;12035;13044.850000000004
t_j200_m20.txt;0.4;7.5;180;12345;False;11544;13524.624999999998
t_j200_m20.txt;0.4;7.5;180;435451;True;11970;12753.525000000003
t_j200_m20.txt;0.4;7.5;180;435451;False;11559;13624.599999999997
t_j200_m20.txt;0.4;7.5;180;54268;True;11903;12844.449999999999
t_j200_m20.txt;0.4;7.5;180;54268;False;11588;13671.600000000002
t_j200_m20.txt;0.4;7.5;180;68813;True;11996;12915.7
t_j200_m20.txt;0.4;7.5;180;68813;False;11537;13444.400000000001
t_j200_m20.txt;0.4;7.5;180;368387;True;11991;12855.05
t_j200_m20.txt;0.4;7.5;180;368387;False;11537;13326.525
t_j500_m20.txt;0.4;2.5;180;12345;True;26980;27723.899999999994
t_j500_m20.txt;0.4;2.5;180;12345;False;26608;27889.725
t_j500_m20.txt;0.4;2.5;180;435451;True;26848;27618.750000000004
t_j500_m20.txt;0.4;2.5;180;435451;False;26641;27851.550000000007
t_j500_m20.txt;0.4;2.5;180;54268;True;26814;27607.9
t_j500_m20.txt;0.4;2.5;180;54268;False;26607;27828.9
t_j500_m20.txt;0.4;2.5;180;68813;True;26772;27546.799999999996
t_j500_m20.txt;0.4;2.5;180;68813;False;26655;27991.2
t_j500_m20.txt;0.4;2.5;180;368387;True;26733;27486.425000000003
t_j500_m20.txt;0.4;2.5;180;368387;False;26686;27854.15
t_j500_m20.txt;0.4;5;180;12345;True;27117;28587.899999999994
t_j500_m20.txt;0.4;5;180;12345;False;26608;29282.800000000007
t_j500_m20.txt;0.4;5;180;435451;True;27286;28760.94999999999
t_j500_m20.txt;0.4;5;180;435451;False;26643;29183.749999999996
t_j500_m20.txt;0.4;5;180;54268;True;27160;28417.3
t_j500_m20.txt;0.4;5;180;54268;False;26607;29131.79999999999
t_j500_m20.txt;0.4;5;180;68813;True;27065;28536.399999999998
t_j500_m20.txt;0.4;5;180;68813;False;26655;29502.4
t_j500_m20.txt;0.4;5;180;368387;True;27012;28324.600000000006
t_j500_m20.txt;0.4;5;180;368387;False;26686;29122.89999999999
t_j500_m20.txt;0.4;7.5;180;12345;True;27824;30022.000000000007
t_j500_m20.txt;0.4;7.5;180;12345;False;26608;30740.8
t_j500_m20.txt;0.4;7.5;180;435451;True;27258;29392.100000000002
t_j500_m20.txt;0.4;7.5;180;435451;False;26643;30530.125000000004
t_j500_m20.txt;0.4;7.5;180;54268;True;27514;29941.975000000002
t_j500_m20.txt;0.4;7.5;180;54268;False;26607;30439.95000000001
t_j500_m20.txt;0.4;7.5;180;68813;True;27585;29926.649999999994
t_j500_m20.txt;0.4;7.5;180;68813;False;26655;31013.6
t_j500_m20.txt;0.4;7.5;180;368387;True;27153;29127.774999999994
t_j500_m20.txt;0.4;7.5;180;368387;False;26686;30404.35000000001
t_j20_m5.txt;0.4;2.5;180;12345;True;1297;1319.0749999999998
t_j20_m5.txt;0.4;2.5;180;12345;False;1278;1407.825
t_j20_m5.txt;0.4;2.5;180;435451;True;1300;1321.325
t_j20_m5.txt;0.4;2.5;180;435451;False;1278;1390.825
t_j20_m5.txt;0.4;5;180;12345;True;1298;1340.65
t_j20_m5.txt;0.4;5;180;12345;False;1278;1543.6499999999999
t_j20_m5.txt;0.4;5;180;435451;True;1300;1340.0
t_j20_m5.txt;0.4;5;180;435451;False;1278;1509.65
t_j20_m5.txt;0.4;7.5;180;12345;True;1297;1353.475
t_j20_m5.txt;0.4;7.5;180;12345;False;1278;1679.475
t_j20_m5.txt;0.4;7.5;180;435451;True;1314;1358.475
t_j20_m5.txt;0.4;7.5;180;435451;False;1278;1628.475
t_j20_m10.txt;0.4;2.5;180;12345;True;1621;1659.75
t_j20_m10.txt;0.4;2.5;180;12345;False;1591;1773.275
t_j20_m10.txt;0.4;2.5;180;435451;True;1620;1651.2
t_j20_m10.txt;0.4;2.5;180;435451;False;1583;1714.0
t_j20_m10.txt;0.4;5;180;12345;True;1699;1744.5000000000005
t_j20_m10.txt;0.4;5;180;12345;False;1591;1969.5500000000004
t_j20_m10.txt;0.4;5;180;435451;True;1685;1731.65
t_j20_m10.txt;0.4;5;180;435451;False;1583;1892.0
t_j20_m10.txt;0.4;7.5;180;12345;True;1738;1786.75
t_j20_m10.txt;0.4;7.5;180;12345;False;1591;2165.825
t_j20_m10.txt;0.4;7.5;180;435451;True;1694;1762.35
t_j20_m10.txt;0.4;7.5;180;435451;False;1583;2073.5
t_j20_m20.txt;0.4;2.5;180;12345;True;2381;2390.45
t_j20_m20.txt;0.4;2.5;180;12345;False;2314;2550.575
t_j20_m20.txt;0.4;2.5;180;435451;True;2360;2387.8250000000003
t_j20_m20.txt;0.4;2.5;180;435451;False;2310;2502.95
t_j20_m20.txt;0.4;5;180;12345;True;2390;2411.9
t_j20_m20.txt;0.4;5;180;12345;False;2314;2787.1499999999987
t_j20_m20.txt;0.4;5;180;435451;True;2398;2416.3
t_j20_m20.txt;0.4;5;180;435451;False;2310;2728.899999999999
t_j20_m20.txt;0.4;7.5;180;12345;True;2392;2424.0
t_j20_m20.txt;0.4;7.5;180;12345;False;2314;3025.3250000000007
t_j20_m20.txt;0.4;7.5;180;435451;True;2388;2418.75
t_j20_m20.txt;0.4;7.5;180;435451;False;2310;2956.450000000001
t_j50_m5.txt;0.4;2.5;180;12345;True;2729;2766.2749999999996
t_j50_m5.txt;0.4;2.5;180;12345;False;2724;2839.5999999999995
t_j50_m5.txt;0.4;2.5;180;435451;True;2735;2754.125
t_j50_m5.txt;0.4;2.5;180;435451;False;2724;2865.8499999999995
t_j50_m5.txt;0.4;5;180;12345;True;2750;2814.3
t_j50_m5.txt;0.4;5;180;12345;False;2724;2984.6
t_j50_m5.txt;0.4;5;180;435451;True;2748;2794.5
t_j50_m5.txt;0.4;5;180;435451;False;2724;3032.1
t_j50_m5.txt;0.4;7.5;180;12345;True;2742;2815.95
t_j50_m5.txt;0.4;7.5;180;12345;False;2724;3131.4
t_j50_m5.txt;0.4;7.5;180;435451;True;2758;2850.25
t_j50_m5.txt;0.4;7.5;180;435451;False;2724;3085.65
t_j50_m10.txt;0.4;2.5;180;12345;True;3112;3177.525
t_j50_m10.txt;0.4;2.5;180;12345;False;3087;3238.4750000000004
t_j50_m10.txt;0.4;2.5;180;435451;True;3089;3134.0249999999996
t_j50_m10.txt;0.4;2.5;180;435451;False;3075;3182.2000000000003
t_j50_m10.txt;0.4;5;180;12345;True;3151;3203.9
t_j50_m10.txt;0.4;5;180;12345;False;3088;3476.6999999999994
t_j20_m5.txt;0.4;2.5;60;12345;True;1297;1319.0749999999998
t_j20_m5.txt;0.4;2.5;60;12345;False;1278;1407.825
t_j20_m5.txt;0.4;2.5;60;435451;True;1300;1321.325
t_j20_m5.txt;0.4;2.5;60;435451;False;1278;1390.825
t_j20_m5.txt;0.4;5;60;12345;True;1303;1355.15
t_j20_m5.txt;0.4;5;60;12345;False;1278;1543.6499999999999
t_j20_m5.txt;0.4;5;60;435451;True;1300;1340.0
t_j20_m5.txt;0.4;5;60;435451;False;1278;1520.8999999999999
t_j20_m5.txt;0.4;7.5;60;12345;True;1301;1341.35
t_j20_m5.txt;0.4;7.5;60;12345;False;1278;1679.475
t_j20_m5.txt;0.4;7.5;60;435451;True;1312;1368.6750000000002
t_j20_m5.txt;0.4;7.5;60;435451;False;1278;1628.475
t_j20_m10.txt;0.4;2.5;60;12345;True;1621;1659.75
t_j20_m10.txt;0.4;2.5;60;12345;False;1598;1718.9
t_j20_m10.txt;0.4;2.5;60;435451;True;1620;1651.2
t_j20_m10.txt;0.4;2.5;60;435451;False;1583;1714.0
t_j20_m10.txt;0.4;5;60;12345;True;1699;1744.5000000000005
t_j20_m10.txt;0.4;5;60;12345;False;1598;1892.8000000000002
t_j20_m10.txt;0.4;5;60;435451;True;1685;1731.65
t_j20_m10.txt;0.4;5;60;435451;False;1583;1892.0
t_j20_m10.txt;0.4;7.5;60;12345;True;1738;1786.75
t_j20_m10.txt;0.4;7.5;60;12345;False;1598;2068.95
t_j20_m10.txt;0.4;7.5;60;435451;True;1728;1797.0500000000002
t_j20_m10.txt;0.4;7.5;60;435451;False;1583;2073.5
t_j20_m20.txt;0.4;2.5;60;12345;True;2377;2401.95
t_j20_m20.txt;0.4;2.5;60;12345;False;2323;2507.575
t_j20_m20.txt;0.4;2.5;60;435451;True;2360;2387.8250000000003
t_j20_m20.txt;0.4;2.5;60;435451;False;2318;2493.95
t_j20_m20.txt;0.4;5;60;12345;True;2410;2427.5
t_j20_m20.txt;0.4;5;60;12345;False;2324;2728.599999999999
t_j20_m20.txt;0.4;5;60;435451;True;2398;2416.3
t_j20_m20.txt;0.4;5;60;435451;False;2318;2719.899999999999
t_j20_m20.txt;0.4;7.5;60;12345;True;2403;2436.1499999999996
t_j20_m20.txt;0.4;7.5;60;12345;False;2321;2959.000000000001
t_j20_m20.txt;0.4;7.5;60;435451;True;2398;2425.45
t_j20_m20.txt;0.4;7.5;60;435451;False;2326;2947.450000000001
t_j50_m5.txt;0.4;2.5;60;12345;True;2729;2766.2749999999996
t_j50_m5.txt;0.4;2.5;60;12345;False;2724;2839.5999999999995
t_j50_m5.txt;0.4;2.5;60;435451;True;2735;2754.125
t_j50_m5.txt;0.4;2.5;60;435451;False;2724;2840.65
t_j50_m5.txt;0.4;5;60;12345;True;2729;2795.25
t_j50_m5.txt;0.4;5;60;12345;False;2724;2984.6
t_j50_m5.txt;0.4;5;60;435451;True;2729;2792.7
t_j50_m5.txt;0.4;5;60;435451;False;2724;2968.6
t_j50_m5.txt;0.4;7.5;60;12345;True;2729;2843.0
t_j50_m5.txt;0.4;7.5;60;12345;False;2724;3131.4
t_j50_m5.txt;0.4;7.5;60;435451;True;2742;2860.95
t_j50_m5.txt;0.4;7.5;60;435451;False;2724;3104.025
t_j50_m10.txt;0.4;2.5;60;12345;True;3133;3177.0499999999997
t_j50_m10.txt;0.4;2.5;60;12345;False;3098;3207.3999999999996
t_j50_m10.txt;0.4;2.5;60;435451;True;3121;3172.8999999999996
t_j50_m10.txt;0.4;2.5;60;435451;False;3080;3205.7250000000004
t_j50_m10.txt;0.4;5;60;12345;True;3135;3231.1
t_j50_m10.txt;0.4;5;60;12345;False;3095;3384.2499999999995
t_j50_m10.txt;0.4;5;60;435451;True;3174;3250.45
t_j50_m10.txt;0.4;5;60;435451;False;3064;3457.5499999999993
t_j50_m10.txt;0.4;7.5;60;12345;True;3157;3257.825
t_j50_m10.txt;0.4;7.5;60;12345;False;3098;3517.0249999999996
t_j50_m10.txt;0.4;7.5;60;435451;True;3181;3287.6499999999996
t_j50_m10.txt;0.4;7.5;60;435451;False;3080;3523.1750000000006
t_j50_m20.txt;0.4;2.5;60;12345;True;4073;4123.7
t_j50_m20.txt;0.4;2.5;60;12345;False;4002;4257.875
t_j50_m20.txt;0.4;2.5;60;435451;True;4033;4126.075000000001
t_j50_m20.txt;0.4;2.5;60;435451;False;3996;4254.075
t_j50_m20.txt;0.4;5;60;12345;True;4145;4275.75
t_j50_m20.txt;0.4;5;60;12345;False;3997;4738.7
t_j50_m20.txt;0.4;5;60;435451;True;4183;4354.15
t_j50_m20.txt;0.4;5;60;435451;False;3996;4653.099999999999
t_j50_m20.txt;0.4;7.5;60;12345;True;4305;4491.375
t_j50_m20.txt;0.4;7.5;60;12345;False;3991;5022.325000000001
t_j50_m20.txt;0.4;7.5;60;435451;True;4193;4486.475
t_j50_m20.txt;0.4;7.5;60;435451;False;3990;5046.150000000001
t_j50_m10.txt;0.4;1.5;60;12345;True;3126;3157.1549999999997
t_j50_m10.txt;0.4;1.5;60;12345;False;3096;3169.2899999999995
t_j50_m10.txt;0.4;1.5;60;435451;True;3130;3163.7000000000003
t_j50_m10.txt;0.4;1.5;60;435451;False;3080;3143.8150000000005
t_j50_m10.txt;0.4;1.5;60;56162;True;3116;3166.3549999999996
t_j50_m10.txt;0.4;1.5;60;56162;False;3092;3195.5449999999996
t_j50_m10.txt;0.4;1.5;60;65423541;True;3127;3161.38
t_j50_m10.txt;0.4;1.5;60;65423541;False;3093;3170.6649999999995
t_j50_m10.txt;0.4;1.5;60;43540;True;3108;3144.555
t_j50_m10.txt;0.4;1.5;60;43540;False;3091;3145.585
t_j50_m10.txt;0.4;1.5;60;57321;True;3091;3133.345
t_j50_m10.txt;0.4;1.5;60;57321;False;3094;3147.525
t_j50_m10.txt;0.4;1.5;60;48999;True;3127;3155.83
t_j50_m10.txt;0.4;1.5;60;48999;False;3096;3199.9849999999997
t_j50_m10.txt;0.4;1.5;60;23344;True;3107;3149.9600000000005
t_j50_m10.txt;0.4;1.5;60;23344;False;3091;3163.02
